epoch:0 0.0983  0.2925  0.0374  0.0212  0.0663  0.1130  0.1562  0.3189  0.3529  0.1741  0.2783  0.3800  0.5935  0.010000
epoch:1 0.2700  0.5827  0.2013  0.1151  0.2191  0.3002  0.2978  0.4598  0.4745  0.2674  0.4197  0.4933  0.4278  0.010000
epoch:2 0.3239  0.6389  0.2912  0.1508  0.2680  0.3541  0.3259  0.5115  0.5258  0.3141  0.4596  0.5522  0.3749  0.010000
epoch:3 0.4137  0.7371  0.4245  0.2098  0.3404  0.4491  0.3803  0.5605  0.5714  0.3379  0.5085  0.6020  0.2983  0.003300
epoch:4 0.4267  0.7403  0.4521  0.1982  0.3429  0.4649  0.3920  0.5722  0.5818  0.3324  0.5086  0.6181  0.2692  0.003300
epoch:5 0.4369  0.7455  0.4571  0.2022  0.3606  0.4738  0.3949  0.5735  0.5824  0.3187  0.5109  0.6160  0.2494  0.003300
epoch:6 0.4672  0.7632  0.5093  0.2106  0.3765  0.5105  0.4144  0.5928  0.5996  0.3090  0.5208  0.6403  0.2169  0.001089
epoch:7 0.4687  0.7640  0.5150  0.1968  0.3770  0.5125  0.4144  0.5861  0.5925  0.2968  0.5009  0.6372  0.2067  0.001089
epoch:8 0.4649  0.7603  0.5075  0.2021  0.3740  0.5086  0.4131  0.5859  0.5920  0.3181  0.5049  0.6344  0.1975  0.001089
epoch:9 0.4706  0.7618  0.5115  0.2028  0.3757  0.5152  0.4163  0.5905  0.5972  0.3207  0.5064  0.6398  0.1860  0.000359
epoch:10 0.4726  0.7646  0.5147  0.2029  0.3746  0.5188  0.4165  0.5886  0.5945  0.3132  0.4967  0.6397  0.1822  0.000359
epoch:11 0.4713  0.7618  0.5119  0.1998  0.3718  0.5181  0.4165  0.5898  0.5955  0.3054  0.4925  0.6414  0.1802  0.000359
epoch:12 0.4712  0.7629  0.5127  0.1965  0.3727  0.5184  0.4172  0.5878  0.5936  0.3055  0.4947  0.6399  0.1752  0.000119
epoch:13 0.4728  0.7621  0.5148  0.1968  0.3706  0.5201  0.4171  0.5902  0.5958  0.3066  0.4939  0.6418  0.1743  0.000119
epoch:14 0.4737  0.7637  0.5136  0.2014  0.3740  0.5210  0.4177  0.5882  0.5938  0.3141  0.4942  0.6395  0.1739  0.000119
epoch:15 0.4748  0.7622  0.5185  0.1941  0.3717  0.5227  0.4195  0.5902  0.5958  0.3013  0.4965  0.6413  0.1721  0.000039
epoch:16 0.4743  0.7629  0.5165  0.1962  0.3733  0.5221  0.4184  0.5893  0.5945  0.3094  0.4951  0.6407  0.1713  0.000039
epoch:17 0.4739  0.7619  0.5162  0.1973  0.3730  0.5211  0.4187  0.5889  0.5945  0.3089  0.4964  0.6400  0.1717  0.000039
epoch:18 0.4737  0.7625  0.5157  0.2046  0.3762  0.5206  0.4181  0.5898  0.5953  0.3058  0.4948  0.6422  0.1709  0.000013
epoch:19 0.4736  0.7611  0.5131  0.1970  0.3693  0.5217  0.4182  0.5872  0.5925  0.3091  0.4877  0.6396  0.1708  0.000013
epoch:20 0.4729  0.7633  0.5136  0.1978  0.3694  0.5210  0.4165  0.5876  0.5933  0.3062  0.4937  0.6400  0.1708  0.000013
epoch:21 0.4757  0.7643  0.5183  0.1959  0.3754  0.5239  0.4192  0.5903  0.5960  0.3012  0.4952  0.6425  0.1704  0.000004
